{
  "alphabet_matrix": [
    [
      1,
      0.02977,
      0.02314,
      0.01433,
      0.08902,
      0.3647,
      0.0396,
      0.0354,
      0.02424,
      0.0264,
      0.302,
      0.5311,
      0.3097,
      0.1552,
      0.01658,
      0.0351,
      0.567,
      0.3897,
      0.00221,
      0.0826,
      0.01363,
      0.4812,
      0.2069,
      0.0333,
      0.01678,
      0.022412
    ],
    [
      0.02977,
      1,
      0.01012,
      0.01977,
      0.61037,
      0.6281,
      0.01512,
      0.6066,
      0.02256,
      0.0537,
      0.02936,
      0.0105,
      0.0103,
      0.0113,
      0.0198,
      0.01678,
      0.0245,
      0.03514,
      0.0013,
      0.013,
      0.01372,
      0.022149,
      0.038,
      0.0345,
      0.02636,
      0.03564
    ],
    [
      0.02314,
      0.01012,
      1,
      0.6542,
      0.02468,
      0.03735,
      0.7644,
      0.03735,
      0.30636,
      0.65003,
      0.0148,
      0.03735,
      0.02468,
      0.0261,
      0.8712,
      0.6733,
      0.0113,
      0.0148,
      0.6818,
      0.02314,
      0.7413,
      0.02468,
      0.0179,
      0.0148,
      0.02314,
      0.0179
    ],
    [
      0.01433,
      0.01977,
      0.6542,
      1,
      0.02399,
      0.03426,
      0.548,
      0.03426,
      0.2584,
      0.867065,
      0.01358,
      0.03426,
      0.02399,
      0.00221,
      0.6648,
      0.70635,
      0.01414,
      0.01358,
      0.707173,
      0.01433,
      0.66254,
      0.02399,
      0.02404,
      0.01358,
      0.01433,
      0.02404
    ],
    [
      0.08264,
      0.61037,
      0.02468,
      0.02399,
      1,
      0.61655,
      0.02128,
      0.6763,
      0.01234,
      0.02167,
      0.301,
      0.08264,
      0.09122,
      0.01397,
      0.01782,
      0.01119,
      0.01665,
      0.09752,
      0.02357,
      0.02129,
      0.021804,
      0.06606,
      0.08066,
      0.01307,
      0.02345,
      0.0176
    ],
    [
      0.3647,
      0.6281,
      0.03735,
      0.03426,
      0.61655,
      1,
      0.01228,
      0.6555,
      0.02956,
      0.01438,
      0.2112,
      0.3099,
      0.08925,
      0.0191,
      0.02301,
      0.0243,
      0.0344,
      0.34237,
      0.02293,
      0.09987,
      0.03514,
      0.2386,
      0.206,
      0.06989,
      0.02731,
      0.0142
    ],
    [
      0.0396,
      0.01512,
      0.7644,
      0.548,
      0.02128,
      0.01228,
      1,
      0.01228,
      0.316,
      0.6747,
      0.0191,
      0.01228,
      0.02128,
      0.01119,
      0.7582,
      0.6156,
      0.01398,
      0.0191,
      0.5095,
      0.0396,
      0.8557,
      0.02128,
      0.0191,
      0.0191,
      0.0396,
      0.0191
    ],
    [
      0.0354,
      0.6066,
      0.03735,
      0.03426,
      0.6763,
      0.6555,
      0.01228,
      1,
      0.0102,
      0.01438,
      0.09012,
      0.0332,
      0.8864,
      0.0179,
      0.02301,
      0.0243,
      0.2476,
      0.06565,
      0.02293,
      0.0115,
      0.03514,
      0.09423,
      0.02242,
      0.09487,
      0.01445,
      0.02599
    ],
    [
      0.02424,
      0.02256,
      0.30636,
      0.2584,
      0.01234,
      0.02956,
      0.316,
      0.0102,
      1,
      0.2739,
      0.01377,
      0.02209,
      0.01447,
      0.0112,
      0.33358,
      0.2126,
      0.2137,
      0.02397,
      0.337,
      0.6028,
      0.217,
      0.01456,
      0.3078,
      0.02562,
      0.02422,
      0.5467
    ],
    [
      0.0264,
      0.0537,
      0.65003,
      0.867065,
      0.02167,
      0.01438,
      0.6747,
      0.01438,
      0.2739,
      1,
      0.0277,
      0.01438,
      0.02167,
      0.0051,
      0.68809,
      0.72732,
      0.0387,
      0.0277,
      0.711133,
      0.0264,
      0.683464,
      0.02167,
      0.0227,
      0.0277,
      0.0264,
      0.0227
    ],
    [
      0.302,
      0.02936,
      0.0148,
      0.01358,
      0.301,
      0.2112,
      0.0191,
      0.09012,
      0.01377,
      0.0277,
      1,
      0.339,
      0.5732,
      0.3897,
      0.0218,
      0.02242,
      0.7466,
      0.52693,
      0.01538,
      0.0826,
      0.01306,
      0.5589,
      0.6065,
      0.0134,
      0.02241,
      0.01546
    ],
    [
      0.5311,
      0.0105,
      0.03735,
      0.03426,
      0.08264,
      0.3099,
      0.01228,
      0.0332,
      0.02209,
      0.01438,
      0.339,
      1,
      0.3995,
      0.1792,
      0.02301,
      0.0243,
      0.589,
      0.3323,
      0.02293,
      0.07271,
      0.03514,
      0.517,
      0.2696,
      0.0224,
      0.01164,
      0.02731
    ],
    [
      0.3097,
      0.0103,
      0.02468,
      0.02399,
      0.09122,
      0.08925,
      0.02128,
      0.8864,
      0.01447,
      0.02167,
      0.5732,
      0.3995,
      1,
      0.33358,
      0.01782,
      0.01119,
      0.247,
      0.5613,
      0.02357,
      0.029,
      0.021804,
      0.52822,
      0.6581,
      0.021345,
      0.0975,
      0.08286
    ],
    [
      0.1552,
      0.0113,
      0.0261,
      0.00221,
      0.01397,
      0.0191,
      0.01119,
      0.0179,
      0.0112,
      0.0051,
      0.3897,
      0.1792,
      0.33358,
      1,
      0.01438,
      0.01438,
      0.01512,
      0.4413,
      0.02242,
      0.01125,
      0.01538,
      0.2442,
      0.30636,
      0.01414,
      0.01306,
      0.01112
    ],
    [
      0.01658,
      0.0198,
      0.8712,
      0.6648,
      0.01782,
      0.02301,
      0.7582,
      0.02301,
      0.33358,
      0.68809,
      0.0218,
      0.02301,
      0.01782,
      0.01438,
      1,
      0.56384,
      0.2351,
      0.0218,
      0.5198,
      0.01658,
      0.7348,
      0.01782,
      0.023,
      0.0218,
      0.01658,
      0.023
    ],
    [
      0.0351,
      0.01678,
      0.6733,
      0.70635,
      0.01119,
      0.0243,
      0.6156,
      0.0243,
      0.2126,
      0.72732,
      0.02242,
      0.0243,
      0.01119,
      0.01438,
      0.56384,
      1,
      0.0192,
      0.02242,
      0.70635,
      0.0351,
      0.54057,
      0.01119,
      0.0234,
      0.02242,
      0.0351,
      0.0234
    ],
    [
      0.567,
      0.0245,
      0.0113,
      0.01414,
      0.01665,
      0.0344,
      0.01398,
      0.2476,
      0.2137,
      0.0387,
      0.7466,
      0.589,
      0.247,
      0.01512,
      0.2351,
      0.0192,
      1,
      0.01397,
      0.0139,
      0.273,
      0.01647,
      0.816,
      0.2008,
      0.01134,
      0.0195,
      0.2825
    ],
    [
      0.3897,
      0.03514,
      0.0148,
      0.01358,
      0.09752,
      0.34237,
      0.0191,
      0.06565,
      0.02397,
      0.0277,
      0.52693,
      0.3323,
      0.5613,
      0.4413,
      0.0218,
      0.02242,
      0.01397,
      1,
      0.01538,
      0.07637,
      0.01306,
      0.4998,
      0.4394,
      0.01673,
      0.01865,
      0.0112
    ],
    [
      0.00221,
      0.0013,
      0.6818,
      0.707173,
      0.02357,
      0.02293,
      0.5095,
      0.02293,
      0.337,
      0.711133,
      0.01538,
      0.02293,
      0.02357,
      0.02242,
      0.5198,
      0.85898,
      0.0139,
      0.01538,
      1,
      0.00221,
      0.55422,
      0.02357,
      0.02566,
      0.01538,
      0.00221,
      0.02566
    ],
    [
      0.0826,
      0.013,
      0.02314,
      0.01433,
      0.02129,
      0.09987,
      0.0396,
      0.0115,
      0.6028,
      0.0264,
      0.0826,
      0.07271,
      0.029,
      0.01125,
      0.01658,
      0.0351,
      0.273,
      0.07637,
      0.00221,
      1,
      0.01363,
      0.02782,
      0.0201,
      0.02028,
      0.01592,
      0.4556
    ],
    [
      0.01363,
      0.01372,
      0.7413,
      0.66254,
      0.021804,
      0.03514,
      0.8557,
      0.03514,
      0.217,
      0.683464,
      0.01306,
      0.03514,
      0.021804,
      0.01538,
      0.7348,
      0.54057,
      0.01647,
      0.01306,
      0.55422,
      0.01363,
      1,
      0.021804,
      0.0261,
      0.01306,
      0.01363,
      0.0261
    ],
    [
      0.4812,
      0.022149,
      0.02468,
      0.02399,
      0.06606,
      0.2386,
      0.02128,
      0.09423,
      0.01456,
      0.02167,
      0.5589,
      0.517,
      0.52822,
      0.2442,
      0.01782,
      0.01119,
      0.816,
      0.4998,
      0.02357,
      0.02782,
      0.021804,
      1,
      0.5175,
      0.0193,
      0.01822,
      0.02642
    ],
    [
      0.2069,
      0.038,
      0.0179,
      0.02404,
      0.08066,
      0.206,
      0.0191,
      0.02242,
      0.3078,
      0.0227,
      0.6065,
      0.2696,
      0.6581,
      0.30636,
      0.023,
      0.0234,
      0.2008,
      0.4394,
      0.02566,
      0.0201,
      0.0261,
      0.5175,
      1,
      0.02322,
      0.02209,
      0.0197
    ],
    [
      0.0333,
      0.0345,
      0.0148,
      0.01358,
      0.01307,
      0.06989,
      0.0191,
      0.09487,
      0.02562,
      0.0277,
      0.0134,
      0.0224,
      0.021345,
      0.01414,
      0.0218,
      0.02242,
      0.01134,
      0.01673,
      0.01538,
      0.02028,
      0.01306,
      0.0193,
      0.02322,
      1,
      0.69009,
      0.028705
    ],
    [
      0.01678,
      0.02636,
      0.02314,
      0.01433,
      0.02345,
      0.02731,
      0.0396,
      0.01445,
      0.02422,
      0.0264,
      0.02241,
      0.01164,
      0.0975,
      0.01306,
      0.01658,
      0.0351,
      0.0195,
      0.01865,
      0.00221,
      0.01592,
      0.01363,
      0.01822,
      0.02209,
      0.69009,
      1,
      0.01454
    ],
    [
      0.022412,
      0.03564,
      0.0179,
      0.02404,
      0.0176,
      0.0142,
      0.0191,
      0.02599,
      0.5467,
      0.0227,
      0.01546,
      0.02731,
      0.08286,
      0.01112,
      0.023,
      0.0234,
      0.2825,
      0.0112,
      0.02566,
      0.4556,
      0.0261,
      0.02642,
      0.0197,
      0.028705,
      0.01454,
      1
    ]
  ],
  "hclust_matrix": [
    [
      1,
      0.8712,
      0.7644,
      0.7413,
      0.6542,
      0.65003,
      0.6733,
      0.6818,
      0.0148,
      0.02314,
      0.0179,
      0.02314,
      0.30636,
      0.03735,
      0.02468,
      0.02468,
      0.01012,
      0.03735,
      0.0113,
      0.02468,
      0.02314,
      0.03735,
      0.0261,
      0.0148,
      0.0179,
      0.0148
    ],
    [
      0.8712,
      1,
      0.7582,
      0.7348,
      0.6648,
      0.68809,
      0.56384,
      0.5198,
      0.0218,
      0.01658,
      0.023,
      0.01658,
      0.33358,
      0.02301,
      0.01782,
      0.01782,
      0.0198,
      0.02301,
      0.2351,
      0.01782,
      0.01658,
      0.02301,
      0.01438,
      0.0218,
      0.023,
      0.0218
    ],
    [
      0.7644,
      0.7582,
      1,
      0.8557,
      0.548,
      0.6747,
      0.6156,
      0.5095,
      0.0191,
      0.0396,
      0.0191,
      0.0396,
      0.316,
      0.01228,
      0.02128,
      0.02128,
      0.01512,
      0.01228,
      0.01398,
      0.02128,
      0.0396,
      0.01228,
      0.01119,
      0.0191,
      0.0191,
      0.0191
    ],
    [
      0.7413,
      0.7348,
      0.8557,
      1,
      0.66254,
      0.683464,
      0.54057,
      0.55422,
      0.01306,
      0.01363,
      0.0261,
      0.01363,
      0.217,
      0.03514,
      0.021804,
      0.021804,
      0.01372,
      0.03514,
      0.01647,
      0.021804,
      0.01363,
      0.03514,
      0.01538,
      0.01306,
      0.0261,
      0.01306
    ],
    [
      0.6542,
      0.6648,
      0.548,
      0.66254,
      1,
      0.867065,
      0.70635,
      0.707173,
      0.01358,
      0.01433,
      0.02404,
      0.01433,
      0.2584,
      0.03426,
      0.02399,
      0.02399,
      0.01977,
      0.03426,
      0.01414,
      0.02399,
      0.01433,
      0.03426,
      0.00221,
      0.01358,
      0.02404,
      0.01358
    ],
    [
      0.65003,
      0.68809,
      0.6747,
      0.683464,
      0.867065,
      1,
      0.72732,
      0.711133,
      0.0277,
      0.0264,
      0.0227,
      0.0264,
      0.2739,
      0.01438,
      0.02167,
      0.02167,
      0.0537,
      0.01438,
      0.0387,
      0.02167,
      0.0264,
      0.01438,
      0.0051,
      0.0277,
      0.0227,
      0.0277
    ],
    [
      0.6733,
      0.56384,
      0.6156,
      0.54057,
      0.70635,
      0.72732,
      1,
      0.70635,
      0.02242,
      0.0351,
      0.0234,
      0.0351,
      0.2126,
      0.0243,
      0.01119,
      0.01119,
      0.01678,
      0.0243,
      0.0192,
      0.01119,
      0.0351,
      0.0243,
      0.01438,
      0.02242,
      0.0234,
      0.02242
    ],
    [
      0.6818,
      0.5198,
      0.5095,
      0.55422,
      0.707173,
      0.711133,
      0.85898,
      1,
      0.01538,
      0.00221,
      0.02566,
      0.00221,
      0.337,
      0.02293,
      0.02357,
      0.02357,
      0.0013,
      0.02293,
      0.0139,
      0.02357,
      0.00221,
      0.02293,
      0.02242,
      0.01538,
      0.02566,
      0.01538
    ],
    [
      0.0148,
      0.0218,
      0.0191,
      0.01306,
      0.01358,
      0.0277,
      0.02242,
      0.01538,
      1,
      0.69009,
      0.028705,
      0.02028,
      0.02562,
      0.09487,
      0.021345,
      0.01307,
      0.0345,
      0.06989,
      0.01134,
      0.0193,
      0.0333,
      0.0224,
      0.01414,
      0.01673,
      0.02322,
      0.0134
    ],
    [
      0.02314,
      0.01658,
      0.0396,
      0.01363,
      0.01433,
      0.0264,
      0.0351,
      0.00221,
      0.69009,
      1,
      0.01454,
      0.01592,
      0.02422,
      0.01445,
      0.0975,
      0.02345,
      0.02636,
      0.02731,
      0.0195,
      0.01822,
      0.01678,
      0.01164,
      0.01306,
      0.01865,
      0.02209,
      0.02241
    ],
    [
      0.0179,
      0.023,
      0.0191,
      0.0261,
      0.02404,
      0.0227,
      0.0234,
      0.02566,
      0.028705,
      0.01454,
      1,
      0.4556,
      0.5467,
      0.02599,
      0.08286,
      0.0176,
      0.03564,
      0.0142,
      0.2825,
      0.02642,
      0.022412,
      0.02731,
      0.01112,
      0.0112,
      0.0197,
      0.01546
    ],
    [
      0.02314,
      0.01658,
      0.0396,
      0.01363,
      0.01433,
      0.0264,
      0.0351,
      0.00221,
      0.02028,
      0.01592,
      0.4556,
      1,
      0.6028,
      0.0115,
      0.029,
      0.02129,
      0.013,
      0.09987,
      0.273,
      0.02782,
      0.0826,
      0.07271,
      0.01125,
      0.07637,
      0.0201,
      0.0826
    ],
    [
      0.30636,
      0.33358,
      0.316,
      0.217,
      0.2584,
      0.2739,
      0.2126,
      0.337,
      0.02562,
      0.02422,
      0.5467,
      0.6028,
      1,
      0.0102,
      0.01447,
      0.01234,
      0.02256,
      0.02956,
      0.2137,
      0.01456,
      0.02424,
      0.02209,
      0.0112,
      0.02397,
      0.3078,
      0.01377
    ],
    [
      0.03735,
      0.02301,
      0.01228,
      0.03514,
      0.03426,
      0.01438,
      0.0243,
      0.02293,
      0.09487,
      0.01445,
      0.02599,
      0.0115,
      0.0102,
      1,
      0.8864,
      0.6763,
      0.6066,
      0.6555,
      0.2476,
      0.09423,
      0.0354,
      0.0332,
      0.0179,
      0.06565,
      0.02242,
      0.09012
    ],
    [
      0.02468,
      0.01782,
      0.02128,
      0.021804,
      0.02399,
      0.02167,
      0.01119,
      0.02357,
      0.021345,
      0.0975,
      0.08286,
      0.029,
      0.01447,
      0.8864,
      1,
      0.09122,
      0.0103,
      0.08925,
      0.247,
      0.52822,
      0.3097,
      0.3995,
      0.33358,
      0.5613,
      0.6581,
      0.5732
    ],
    [
      0.02468,
      0.01782,
      0.02128,
      0.021804,
      0.02399,
      0.02167,
      0.01119,
      0.02357,
      0.01307,
      0.02345,
      0.0176,
      0.02129,
      0.01234,
      0.6763,
      0.09122,
      1,
      0.61037,
      0.61655,
      0.01665,
      0.06606,
      0.08264,
      0.08264,
      0.01397,
      0.09752,
      0.08066,
      0.301
    ],
    [
      0.01012,
      0.0198,
      0.01512,
      0.01372,
      0.01977,
      0.0537,
      0.01678,
      0.0013,
      0.0345,
      0.02636,
      0.03564,
      0.013,
      0.02256,
      0.6066,
      0.0103,
      0.61037,
      1,
      0.6281,
      0.0245,
      0.022149,
      0.02977,
      0.0105,
      0.0113,
      0.03514,
      0.038,
      0.02936
    ],
    [
      0.03735,
      0.02301,
      0.01228,
      0.03514,
      0.03426,
      0.01438,
      0.0243,
      0.02293,
      0.06989,
      0.02731,
      0.0142,
      0.09987,
      0.02956,
      0.6555,
      0.08925,
      0.61655,
      0.6281,
      1,
      0.0344,
      0.2386,
      0.3647,
      0.3099,
      0.0191,
      0.34237,
      0.206,
      0.2112
    ],
    [
      0.0113,
      0.2351,
      0.01398,
      0.01647,
      0.01414,
      0.0387,
      0.0192,
      0.0139,
      0.01134,
      0.0195,
      0.2825,
      0.273,
      0.2137,
      0.2476,
      0.247,
      0.01665,
      0.0245,
      0.0344,
      1,
      0.816,
      0.567,
      0.589,
      0.01512,
      0.01397,
      0.2008,
      0.7466
    ],
    [
      0.02468,
      0.01782,
      0.02128,
      0.021804,
      0.02399,
      0.02167,
      0.01119,
      0.02357,
      0.0193,
      0.01822,
      0.02642,
      0.02782,
      0.01456,
      0.09423,
      0.52822,
      0.06606,
      0.022149,
      0.2386,
      0.816,
      1,
      0.4812,
      0.517,
      0.2442,
      0.4998,
      0.5175,
      0.5589
    ],
    [
      0.02314,
      0.01658,
      0.0396,
      0.01363,
      0.01433,
      0.0264,
      0.0351,
      0.00221,
      0.0333,
      0.01678,
      0.022412,
      0.0826,
      0.02424,
      0.0354,
      0.3097,
      0.08902,
      0.02977,
      0.3647,
      0.567,
      0.4812,
      1,
      0.5311,
      0.1552,
      0.3897,
      0.2069,
      0.302
    ],
    [
      0.03735,
      0.02301,
      0.01228,
      0.03514,
      0.03426,
      0.01438,
      0.0243,
      0.02293,
      0.0224,
      0.01164,
      0.02731,
      0.07271,
      0.02209,
      0.0332,
      0.3995,
      0.08264,
      0.0105,
      0.3099,
      0.589,
      0.517,
      0.5311,
      1,
      0.1792,
      0.3323,
      0.2696,
      0.339
    ],
    [
      0.0261,
      0.01438,
      0.01119,
      0.01538,
      0.00221,
      0.0051,
      0.01438,
      0.02242,
      0.01414,
      0.01306,
      0.01112,
      0.01125,
      0.0112,
      0.0179,
      0.33358,
      0.01397,
      0.0113,
      0.0191,
      0.01512,
      0.2442,
      0.1552,
      0.1792,
      1,
      0.4413,
      0.30636,
      0.3897
    ],
    [
      0.0148,
      0.0218,
      0.0191,
      0.01306,
      0.01358,
      0.0277,
      0.02242,
      0.01538,
      0.01673,
      0.01865,
      0.0112,
      0.07637,
      0.02397,
      0.06565,
      0.5613,
      0.09752,
      0.03514,
      0.34237,
      0.01397,
      0.4998,
      0.3897,
      0.3323,
      0.4413,
      1,
      0.4394,
      0.52693
    ],
    [
      0.0179,
      0.023,
      0.0191,
      0.0261,
      0.02404,
      0.0227,
      0.0234,
      0.02566,
      0.02322,
      0.02209,
      0.0197,
      0.0201,
      0.3078,
      0.02242,
      0.6581,
      0.08066,
      0.038,
      0.206,
      0.2008,
      0.5175,
      0.2069,
      0.2696,
      0.30636,
      0.4394,
      1,
      0.6065
    ],
    [
      0.0148,
      0.0218,
      0.0191,
      0.01306,
      0.01358,
      0.0277,
      0.02242,
      0.01538,
      0.0134,
      0.02241,
      0.01546,
      0.0826,
      0.01377,
      0.09012,
      0.5732,
      0.301,
      0.02936,
      0.2112,
      0.7466,
      0.5589,
      0.302,
      0.339,
      0.3897,
      0.52693,
      0.6065,
      1
    ]
  ],
  "hclust_features": [
    "Animal deaths",
    "Food supply",
    "Bioterrorism threats",
    "Patino laboratory microbes",
    "Arms trafficking",
    "Dirty Bomb",
    "Hacking",
    "Money Laundering",
    "Sports events and broadcasting",
    "Sports news",
    "Tobacco",
    "National election and politics",
    "Crime bulletin",
    "Communications and technology",
    "Finance and business",
    "Asian News",
    "Air travel",
    "Automobile economics",
    "Healthcare",
    "Personal finance",
    "Agricultural economics",
    "Family economics",
    "Food corporations",
    "Mergers and acquisitions",
    "Securities lawsuits",
    "Economic outlook"
  ]
}